75 files have been processed
1189047 events have been read
4077 events have been written


# analyzed:
{"251161": [[1, 27]], "251163": [[1, 1]], "251162": [[1, 18], [21, 48]], "251252": [[1, 554]], "251167": [[1, 2]], "251168": [[1, 287], [295, 341]], "251251": [[1, 167]], 
"251244": [[85, 86], [88, 93], [96, 156], [158, 442]], "251164": [[1, 32]]}


# not-analyzed:
{"251161": [[28, 29]], "251160": [[1, 8], [36, 36]], "251149": [[1, 24], [29, 29]], "251162": [[19, 20]], "251164": [[33, 50]], "251167": [[3, 8], [81, 81]], 
"251143": [[1, 16], [17, 19], [173, 173]], "251168": [[294, 294]], "251147": [[1, 6], [7, 9], [35, 35]], "251028": [[1, 18], [19, 21], [141, 141]], "251249": [[1, 8], [584, 584]], "251244": [[87, 87], [443, 446]], "251027": [[1, 60], [61, 61], [62, 125]], "251163": [[2, 4], [57, 57]], "251251": [[168, 175]], "251250": [[1, 102], [103, 105], [106, 160]], "251155": [[1, 20], [21, 23], [29, 29]], "251156": [[1, 23], [31, 31]], "251150": [[1, 24], [28, 28]], "251153": [[1, 26], [27, 27], [28, 28]], "251561": [[1, 125]], "251560": [[1, 5], [7, 10], [84, 84]], "251562": [[1, 439], [440, 442], [443, 691]], "251523": [[1, 8], [19, 19]], "251522": [[1, 10], [57, 57]]}
